208
227
277
324
328
321
310
298
307
323
346
387
429
451
467
471
445
403
323
223
174
182
239
293
283
260
243
246
280
320
362
415
465
484
490
479
443
392
308
190
130
135
221
291
302
288
261
260
269
292
338
395
447
472
496
508
490
438
331
197
125
134
234
323
346
326
286
267
276
304
341
394
440
478
509
500
475
434
337
224
148
158
261
348
365
308
225
176
176
203
250
320
381
439
479
479
466
429
330
211
121
137
254
369
408
364
282
224
209
217
252
318
385
456
507
520
529
501
407
280
172
175
281
386
403
344
257
185
161
174
225
310
380
442
484
494
504
474
373
235
118
112
211
323
363
328
246
172
146
155
219
321
417
503
547
549
552
511
411
264
133
115
207
320
367
347
277
212
181
178
231
318
404
487
528
539
547
515
431
289
150
109
191
311
381
366
286
206
158
145
191
277
383
493
554
577
581
543
452
301
148
91
162
281
368
374
310
242
187
166
208
286
389
493
539
550
533
489
398
255
107
55
133
262
364
380
328
263
201
164
186
246
351
462
527
558
558
528
449
310
156
93
151
264
364
378
334
273
208
167
180
232
342
460
537
574
575
547
461
312
146
74
125
240
337
356
315
262
191
153
159
211
322
439
521
564
575
556
486
343
176
98
134
243
350
378
352
305
236
189
177
211
307
421
507
560
582
570
510
368
199
101
119
224
330
366
347
290
214
154
127
155
251
376
480
546
578
581
535
404
238
132
136
232
334
372
359
308
234
175
143
167
262
388
495
566
599
602
557
424
252
127
108
195
302
351
354
308
240
182
143
160
247
366
472
546
576
586
551
434
269
140
109
188
292
351
361
316
245
177
128
134
215
335
450
531
572
595
565
455
294
160
119
186
281
343
360
323
260
193
145
146
219
334
452
535
574
591
563
453
294
153
102
168
264
337
362
332
274
208
150
143
208
314
433
519
564
593
574
476
327
182
124
175
259
331
357
328
272
208
149
138
194
298
423
514
572
606
592
507
364
210
141
176
254
326
351
327
275
209
150
133
180
279
398
488
540
576
570
496
364
212
136
158
234
311
348
333
285
222
157
136
174
269
391
481
538
582
583
527
404
252
164
172
241
317
356
339
298
235
173
144
171
256
371
459
517
562
571
530
413
264
174
172
239
318
355
345
306
242
179
140
