1681
1770
1943
2174
2447
2598
2460
2311
2284
2427
2577
2533
2429
2393
2332
2023
1617
1291
1873
2284
2504
2533
2432
2170
1963
1872
1856
1983
2136
2316
2498
2583
2335
1984
1630
1212
1929
2150
2094
2031
1969
2013
2105
2254
2476
2769
2019
1409
697
2091
1867
1593
1532
1758
2085
2375
2638
2982
1852
923
2105
2057
1818
1707
1833
1980
2205
2469
2874
1827
784
2142
2070
1744
1607
1765
2088
2376
2606
2673
1387
2464
1857
1405
2348
2688
981
2905
1780
1414
2120
2593
2684
1279
2716
1350
2692
1358
2684
1701
1405
2689
552
2121
1486
1425
2694
690
2214
1470
2679
244
2542
2072
1448
1421
2688
1350
2765
1659
1417
2684
1346
2647
1728
1340
2344
3193
1368
2403
2500
2043
1596
1237
2260
3149
2432
2463
2081
1730
1361
2558
3368
1343
2409
2405
2016
1539
1100
2789
1211
2444
2299
1929
1511
1141
3146
2261
2253
1972
1543
1176
3043
2244
2253
1942
1491
1116
2925
2170
2215
1943
1542
1185
2272
3119
2172
2292
2055
1684
1326
2557
3289
2126
2201
1947
1579
1426
3121
770
2031
1689
1423
2957
958
2097
1810
1465
1426
2690
444
2150
1901
1593
1430
2682
433
2153
1896
1598
1429
3030
842
1909
1674
1431
2712
438
2060
1867
1615
1422
2699
596
2038
1857
1617
1428
2685
466
1941
1780
1555
1430
2691
653
2022
1868
1637
1428
2705
669
1940
1804
1597
1429
2684
575
1900
1766
1584
1435
2679
692
1951
1842
1697
1454
2685
760
1905
1789
1643
1421
2677
1383
1828
1752
1621
1423
2682
784
1887
1831
1697
1396
2624
2969
1513
719
1823
1830
1808
1619
1287
2580
2919
1482
719
1823
1851
1833
1661
1334
2043
2637
2926
1613
842
1850
1892
1870
1662
1327
2074
2641
2915
1559
837
1799
1854
1853
1646
1316
2593
2848
1415
792
1799
1886
1877
1639
1305
2034
2582
2838
1483
895
1811
1896
1871
1625
1295
2042
2574
2827
1453
1778
1883
1863
1631
1298
2519
2750
1282
1760
1871
1847
1607
1258
2468
2725
1242
1776
1893
1852
1582
1261
2485
2732
1298
1764
1887
1846
1575
1252
2444
2696
1179
1751
1888
1840
1566
1248
2451
2693
1256
1790
1915
1831
1537
1232
1960
2424
2662
1232
1795
1908
1835
1518
1231
1943
2401
2638
2828
1221
1813
1920
1820
1473
1225
2370
2602
2796
1704
1198
1814
1948
1853
1507
1273
1999
2416
2614
2812
1714
1236
1811
1936
1804
1472
1246
1921
2342
2554
2765
1563
1216
1791
1909
1759
1427
2318
2525
2735
1522
1224
1793
1894
1716
1401
2300
2498
2717
1526
1237
1810
1893
1708
1404
1934
2305
2510
2735
1578
1284
1615
1826
1879
1667
1361
1910
2270
2480
2709
1566
1299
1628
1843
1872
1661
1352
1936
2279
2461
2699
1565
1335
1651
1856
1864
1641
1342
1931
2257
2460
2709
1591
1373
1675
1862
1845
1590
1307
1899
2230
2448
2671
1619
1404
1716
1879
1819
1534
1292
1910
2225
2443
2635
2993
1630
1446
1404
1824
1893
1689
1393
1975
2280
2487
2707
1676
1461
1394
1805
1866
1671
1374
1897
2221
2399
2590
2974
2006
1622
1445
1803
1848
1635
1367
1895
2220
2381
2606
2998
1695
1501
1415
1712
1876
1823
1529
1349
1922
2225
2379
2636
2995
2082
1699
1497
1409
1683
1868
1813
1529
1358
1944
2209
2345
2591
2964
2048
1706
1526
1426
1784
1891
1679
1416
1935
2193
2338
2577
2942
2077
1745
1539
1418
1780
1890
1701
1465
1372
1983
2194
2362
2645
2992
2115
1783
1561
1435
1806
1844
1654
1419
1942
2165
2333
2586
2946
2083
1781
1565
1438
1817
1810
1618
1392
1952
2159
2331
2583
2960
2124
1810
1588
1442
1835
1819
1603
1363
1882
2101
2281
2537
2900
2110
1785
1571
1391
1733
1795
1647
1390
1833
2085
2255
2465
2830
2069
1773
1578
1392
1755
1809
1641
1395
1886
2123
2279
2519
2882
2124
1842
1617
1412
1774
1810
1614
1396
1881
2102
2276
2528
2895
2129
1868
1615
1412
1761
1822
1614
1391
1869
2102
2266
2485
2883
2156
1905
1631
1444
1623
1821
1802
1559
1398
1912
2123
2276
2530
2934
2206
1943
1645
1450
1611
1826
1793
1551
1396
1875
2088
2228
2487
2869
2226
1938
1627
1439
1823
1764
1541
1398
1871
2095
2226
2506
2865
2241
1942
1642
1462
1452
1704
1839
1727
1516
1420
1643
1916
2092
2244
2547
2671
1994
1696
1471
1438
1816
1742
1534
1435
1952
2098
2297
2576
2677
1959
1660
1440
1748
1549
1441
2026
2176
2426
2669
1962
1667
1433
1747
1556
1432
2024
2184
2445
2676
1985
1668
1428
1779
1720
1532
1379
1838
2013
2179
2435
2829
2250
1964
1632
1404
1770
1735
1543
1378
1841
2016
2148
2390
2797
2266
1995
1658
1418
1781
1731
1512
1373
1820
1998
2138
2399
2794
2324
2051
1708
1436
1673
1797
1731
1513
1441
1999
2115
2405
2674
2117
1748
1472
1481
1686
1794
1693
1477
1435
1638
1873
2020
2146
2452
2671
2128
1751
1462
1438
1685
1804
1705
1484
1439
1887
2015
2152
2453
2668
2110
1739
1468
1438
1710
1797
1640
1443
1422
1865
1979
2130
2444
2791
2400
2105
1711
1472
1469
1714
1780
1627
1436
1843
1957
2093
2386
2736
2394
2069
1691
1450
1475
1703
1790
1647
1453
1391
1837
1947
2087
2370
2734
2425
2100
1711
1466
1492
1734
1776
1624
1433
1838
1934
2082
2375
2724
2454
2100
1701
1462
1504
1738
1758
1604
1419
1804
1915
2072
2347
2687
2444
2106
1712
1461
1506
1732
1779
1624
1428
1810
1913
2067
2350
2690
2441
2091
1698
1465
1529
1755
1757
1571
1402
1802
1905
2048
2324
2665
2108
1695
1462
1533
1726
1794
1637
1433
1794
1900
2045
2302
2654
2839
2106
1674
1459
1538
1734
1789
1614
1429
1614
1785
1892
2036
2305
2632
2802
2133
1698
1468
1525
1723
1777
1618
1427
1783
1880
2006
2268
2617
2780
2095
1665
1459
1531
1730
1761
1572
1413
1756
1859
1977
2247
2589
2751
2067
1651
1470
1574
1778
1764
1552
1416
1609
1777
1856
1971
2273
2593
2745
2100
1684
1477
1568
1765
1757
1561
1431
1632
1783
1856
2014
2329
2599
2715
2047
1641
1488
1617
1792
1729
1521
1442
1780
1833
1998
2324
2594
2709
2059
1644
1492
1629
1797
1722
1528
1437
1676
1791
1850
2042
2361
2612
2705
2046
1635
1510
1659
1797
1697
1514
1446
1779
1822
1987
2293
2557
2661
1600
1513
1684
1791
1684
1480
1435
1751
1807
1965
2275
2532
2653
1573
1576
1756
1793
1624
1447
1469
1652
1756
1811
1982
2282
2527
2626
2645
2692
2203
1738
1539
1646
1783
1726
1521
1416
1612
1712
1746
1912
2214
2479
2589
2591
2643
2727
1903
1574
1584
1731
1756
1584
1428
1608
1715
1749
1891
2170
2436
2560
2572
2627
2741
1904
1586
1600
1756
1760
1585
1437
1652
1712
1754
1912
2208
2456
2537
2563
2649
2768
1930
1601
1612
1764
1776
1593
1436
1644
1703
1747
1908
2205
2461
2544
2562
2636
2776
1909
1611
1636
1767
1752
1570
1428
1623
1688
1735
1899
2194
2430
2515
2533
2620
2770
1928
1643
1670
1790
1764
1569
1458
1546
1665
1707
1760
1967
2251
2454
2512
2528
2635
2794
1904
1646
1685
1798
1736
1537
1448
1641
1691
1745
1934
2208
2413
2490
2503
2597
2663
1670
1714
1821
1738
1532
1475
1580
1685
1708
1785
2023
2290
2448
2473
2491
2655
1899
1667
1727
1827
1716
1510
1456
1569
1676
1690
1766
1993
2259
2422
2436
2454
2626
2829
1843
1649
1744
1817
1663
1475
1462
1622
1670
1697
1848
2131
2360
2417
2405
2503
2742
1844
1667
1765
1813
1659
1482
1481
1588
1649
1669
1784
2034
2285
2397
2379
2427
2651
1865
1689
1778
1818
1662
1491
1482
1586
1655
1674
1786
2027
2285
2385
2366
2410
2640
2861
1838
1713
1801
1801
1631
1470
1497
1606
1654
1676
1795
2057
2305
2364
2330
2398
2669
1872
1739
1812
1810
1630
1490
1501
1608
1648
1678
1794
2065
2301
2368
2323
2385
2662
2885
1855
1745
1843
1817
1626
1479
1520
1614
1662
1682
1811
2088
2299
2361
2292
2387
2681
1905
1786
1857
1831
1641
1498
1528
1610
1660
1673
1803
2082
2309
2355
2285
2374
2668
1934
1804
1870
1837
1658
1508
1520
1607
1655
1668
1814
2063
2296
2325
2242
2339
2634
2911
1924
1836
1895
1830
1629
1505
1528
1628
1652
1675
1811
2079
2297
2304
2225
2326
2664
2919
1911
1844
1888
1795
1604
1489
1530
1624
1629
1649
1808
2087
2292
2256
2181
2313
2675
1929
1859
1894
1794
1598
1482
1537
1617
1632
1660
1816
2104
2290
2249
2174
2315
2655
1942
1889
1919
1813
1621
1501
1565
1628
1631
1647
1806
2112
2293
2242
2153
2283
2655
2928
1947
1907
1910
1801
1594
1488
1552
1616
1629
1662
1847
2127
2282
2214
2134
2289
2663
1982
1929
1918
1792
1590
1500
1560
1621
1627
1655
1845
2128
2269
2199
2096
2259
2665
2922
2002
1951
1932
1800
1588
1521
1579
1629
1633
1671
1871
2151
2270
2179
2089
2284
2692
2038
1967
1944
1800
1592
1514
1568
1627
1626
1655
1858
2148
2266
2162
2063
2255
2677
2058
1987
1960
1803
1602
1525
1580
1639
1627
1643
1851
2128
2266
2166
2060
2242
2655
2071
2003
1972
1810
1619
1535
1571
1628
1610
1628
1843
2118
2255
2137
2022
2185
2638
2907
2065
2028
1978
1803
1598
1524
1580
1621
1589
1634
1865
2162
2250
2102
1987
2206
2663
2083
2027
1968
1802
1602
1532
1588
1616
1589
1639
1877
2163
2245
2093
1962
2181
2648
2892
2086
2042
1970
1786
1597
1541
1603
1620
1577
1653
1917
2183
2240
2059
1956
2228
2678
2129
2081
1995
1813
1618
1560
1610
1627
1588
1659
1918
2186
2248
2051
1935
2206
2650
2157
2101
2002
1807
1611
1571
1617
1613
1566
1636
1900
2177
2241
2028
1916
2178
2639
2871
2154
2111
2007
1800
1595
1564
1612
1608
1563
1655
1926
2214
2224
1990
1908
2201
2654
2866
2331
2178
2123
2013
1791
1607
1581
1632
1605
1572
1683
1950
2228
2204
1975
1913
2223
2672
2203
2145
2023
1808
1615
1581
1624
1592
1560
1666
1944
2227
2200
1955
1882
2190
2640
2832
2343
2198
2155
2012
1772
1599
1592
1626
1588
1551
1666
1981
2242
2166
1929
1885
2206
2658
2817
2347
2219
2155
2002
1758
1596
1588
1613
1577
1545
1660
1991
2231
2132
1895
1866
2210
2634
2782
2332
2220
2143
1976
1727
1594
1605
1614
1567
1528
1692
2039
2244
2107
1865
1873
2239
2669
2366
2258
2187
2012
1754
1630
1636
1638
1586
1531
1694
2046
2250
2126
1884
1873
2226
2655
2771
2359
2262
2195
2004
1760
1641
1637
1636
1569
1527
1720
2060
2238
2101
1846
1873
2246
2642
2392
2301
2214
2016
1778
1667
1648
1646
1561
1525
1730
2090
2251
2091
1844
1863
2238
2645
2746
2388
2312
2225
2019
1785
1672
1647
1646
1549
1528
1765
2107
2251
2074
1829
1871
2266
2640
2732
2394
2323
2218
1998
1782
1676
1673
1651
1542
1545
1806
2147
2254
2050
1808
1895
2286
2650
2716
2398
2349
2229
2004
1783
1674
1677
1644
1517
1542
1817
2178
2268
2031
1790
1890
2282
2630
2679
2388
2343
2207
1976
1768
1675
1694
1630
1507
1554
1862
2188
2228
1978
1765
1916
2303
2620
2646
2465
2392
2319
2150
1913
1715
1664
1662
1560
1464
1587
1930
2216
2174
1888
1745
1955
2352
2613
2578
2456
2397
2331
2178
1929
1718
1678
1669
1558
1452
1574
1929
2223
2175
1888
1735
1938
2353
2613
2590
2477
2420
2348
2205
1951
1746
1698
1690
1572
1470
1577
1923
2216
2186
1912
1740
1909
2312
2589
2600
2499
2445
2376
2232
1973
1773
1718
1705
1578
1469
1576
1921
2232
2208
1920
1741
1900
2299
2573
2590
2514
2454
2389
2242
1985
1782
1726
1715
1586
1470
1576
1915
2225
2196
1917
1726
1875
2269
2521
2556
2508
2458
2397
2262
2002
1798
1749
1713
1575
1461
1558
1907
2230
2214
1930
1738
1871
2249
2528
2572
2528
2475
2434
2298
2021
1823
1777
1740
1610
1477
1559
1920
2235
2229
1956
1736
1861
2215
2477
2544
2515
2485
2447
2302
2029
1842
1789
1741
1609
1459
1542
1901
2223
2216
1945
1719
1842
2173
2452
2536
2504
2483
2455
2312
2040
1847
1798
1758
1615
1478
1546
1888
2221
2226
1962
1721
1832
2156
2418
2515
2502
2490
2471
2329
2063
1879
1818
1763
1624
1470
1532
1868
2187
2222
1959
1727
1815
2127
2392
2498
2496
2493
2488
2334
2086
1890
1819
1776
1631
1461
1525
1970
2249
2194
1879
1714
1861
2170
2405
2482
2468
2485
2466
2275
2035
1876
1820
1746
1573
1438
1904
2219
2224
1940
1728
1817
2114
2364
2471
2473
2502
2498
2340
2094
1913
1853
1787
1615
1447
1880
2215
2247
1968
1742
1806
2071
2336
2451
2463
2498
2494
2351
2112
1933
1865
1788
1609
1453
1523
1910
2230
2203
1905
1719
1814
2087
2342
2427
2454
2505
2492
2326
2090
1922
1867
1783
1598
1452
1556
2021
2270
2154
1875
1739
1872
2153
2361
2430
2472
2523
2472
2292
2063
1930
1881
1758
1561
1449
1622
2019
2273
2165
1883
1734
1850
2125
2329
2397
2455
2522
2487
2303
2056
1931
1888
1773
1560
1436
1917
2235
2187
1922
1722
1789
2045
2256
2352
2427
2509
2497
2341
2104
1973
1915
1807
1596
1440
1890
2211
2203
1958
1757
1789
2009
2232
2341
2420
2498
2500
2359
2144
2001
1929
1814
1605
1444
1891
2193
2192
1964
1743
1767
1981
2198
2318
2409
2486
2492
2357
2143
2012
1936
1821
1620
1445
1875
2187
2210
1988
1768
1779
1977
2190
2300
2399
2498
2524
2397
2179
2033
1961
1860
1648
1460
1528
1972
2238
2201
1949
1756
1823
2027
2200
2314
2424
2522
2514
2359
2166
2036
1973
1834
1607
1450
1942
2232
2222
1975
1780
1801
1989
2169
2278
2392
2502
2518
2376
2197
2062
1981
1860
1628
1449
1571
1994
2241
2181
1947
1775
1821
2002
2156
2274
2411
2517
2501
2363
2171
2062
1983
1839
1595
1451
1621
1985
2246
2201
1956
1785
1835
2001
2154
2270
2408
2529
2530
2383
2193
2085
2006
1872
1599
1452
1618
1973
2247
2207
1968
1780
1814
1989
2129
2249
2387
2509
2518
2389
2210
2084
2015
1870
1599
1457
1603
1954
2218
2204
1978
1787
1807
1949
2092
2222
2366
2497
2514
2381
2219
2096
2032
1877
1620
1458
1581
1922
2204
2203
1986
1798
1799
1921
2058
2187
2339
2471
2495
2387
2214
2103
2032
1878
1614
1449
1446
1932
2189
2177
1965
1791
1791
1904
2038
2165
2323
2472
2479
2368
2206
2105
2041
1870
1602
1457
1592
1922
2190
2185
1975
1805
1790
1898
2017
2146
2314
2455
2474
2374
2215
2119
2066
1886
1622
1458
1574
1926
2200
2198
1987
1825
1810
1894
2002
2131
2311
2448
2490
2382
2226
2147
2088
1914
1640
1456
1574
1897
2184
2204
2012
1851
1805
1880
1989
2135
2305
2439
2487
2399
2272
2183
2107
1921
1652
1475
1578
1893
2168
2204
2034
1865
1817
1877
1965
2114
2290
2442
2509
2426
2284
2203
2128
1959
1681
1484
1561
1886
2174
2211
2045
1873
1827
1871
1960
2101
2275
2448
2515
2436
2306
2236
2166
1981
1690
1475
1553
1886
2178
2224
2056
1884
1833
1868
1946
2080
2261
2438
2514
2434
2325
2252
2185
1993
1693
1477
1543
1849
2158
2215
2065
1891
1821
1838
1917
2057
2235
2429
2502
2434
2323
2254
2201
2008
1703
1462
1505
1877
2162
2192
2032
1869
1803
1822
1904
2045
2217
2407
2491
2424
2323
2264
2190
1965
1644
1430
1816
2127
2208
2069
1909
1813
1809
1886
2011
2205
2394
2483
2437
2340
2280
2219
2019
1703
1449
1501
1830
2147
2226
2080
1917
1810
1801
1879
2005
2208
2405
2494
2449
2360
2316
2237
2012
1686
1442
1516
1867
2159
2206
2078
1915
1818
1804
1864
2000
2208
2399
2491
2448
2364
2323
2244
2015
1683
1438
1833
2136
2205
2092
1928
1811
1795
1840
1971
2168
2374
2484
2449
2385
2337
2251
2032
1685
1447
1811
2114
2207
2116
1937
1817
1784
1823
1947
2134
2347
2471
2457
2391
2349
2279
2059
1697
1428
1766
2088
2215
2132
1969
1830
1784
1810
1909
2097
2341
2474
2472
2406
2368
2306
2096
1733
1437
1448
1791
2113
2233
2146
1967
1826
1780
1806
1916
2105
2338
2466
2472
2431
2388
2313
2088
1731
1450
1773
2090
2222
2152
1981
1846
1778
1793
1885
2084
2326
2472
2483
2422
2400
2343
2127
1754
1432
1755
2088
2237
2164
1995
1849
1778
1779
1863
2051
2293
2451
2470
2432
2415
2360
2146
1759
1438
2056
2218
2161
2015
1864
1782
1763
1829
2033
2280
2443
2466
2442
2427
2376
2162
1781
1446
1436
1734
2065
2226
2189
2025
1867
1770
1751
1826
2025
2275
2441
2479
2473
2456
2394
2156
1772
1452
1454
1749
2074
2228
2184
2018
1862
1769
1747
1834
2034
2275
2437
2477
2476
2461
2395
2155
1746
1458
1457
1766
2088
2238
2195
2020
1869
1763
1737
1824
2022
2271
2423
2476
2478
2475
2409
2144
1744
1457
1468
1796
2111
2243
2181
2018
1857
1767
1742
1830
2055
2286
2435
2484
2487
2504
2418
2126
1716
1442
1785
2095
2243
2189
2023
1870
1768
1734
1810
2025
2260
2426
2486
2494
2516
2430
2129
1727
1429
1737
2062
2246
2207
2050
1895
1777
1724
1772
1972
2211
2394
2474
2495
2533
2465
2183
1776
1453
1450
1736
2064
2245
2203
2049
1883
1760
1695
1751
1949
2205
2394
2458
2490
2527
2447
2181
1747
1432
2033
2229
2203
2055
1890
1768
1683
1725
1910
2160
2366
2449
2492
2532
2465
2186
1764
1441
1424
2059
2238
2199
2048
1898
1755
1677
1728
1911
2177
2370
2454
2522
2557
2480
2204
1762
1455
1438
1735
2073
2249
2218
2070
1914
1767
1680
1730
1919
2177
2367
2450
2524
2571
2492
2186
1764
1455
1443
1745
2076
2254
2218
2061
1906
1755
1675
1717
1907
2165
2347
2451
2539
2586
2502
2188
1748
1450
2066
2259
2229
2096
1922
1768
1676
1695
1894
2149
2338
2467
2560
2617
2525
2200
1777
1469
1445
1761
2103
2274
2232
2098
1913
1762
1672
1710
1920
2160
2341
2471
2566
2633
2514
2174
1752
1451
1473
1808
2140
2282
2233
2087
1905
1753
1660
1705
1924
2164
2364
2482
2580
2627
2504
2149
1729
1451
1484
1813
2133
2272
2236
2099
1924
1760
1650
1697
1905
2152
2348
2461
2575
2629
2481
2147
1709
1449
1488
1834
2152
2281
2235
2077
1918
1749
1637
1697
1889
2137
2334
2458
2567
2600
2464
2119
1689
1429
1777
2115
2279
2245
2103
1947
1764
1634
1658
1841
2087
2296
2430
2551
2605
2489
2162
1747
1450
1467
1790
2105
2262
2227
2090
1934
1754
1635
1655
1830
2071
2267
2420
2552
2611
2489
2155
1753
1451
1478
1795
2113
2274
2230
2102
1950
1765
1653
1665
1822
2069
2271
2435
2565
2617
2485
2172
1761
1470
1502
1875
2168
2279
2217
2094
1916
1736
1629
1675
1863
2102
2296
2460
2585
2608
2438
2076
1656
1445
1863
2151
2259
2223
2114
1940
1752
1625
1658
1846
2072
2276
2437
2581
2603
2458
2117
1712
1469
1550
1856
2150
2276
2246
2136
1965
1781
1641
1660
1837
2065
2272
2441
2585
2628
2498
2160
1739
1494
1558
1857
2148
2265
2258
2154
1993
1801
1646
1649
1808
2042
2238
2424
2567
2612
2507
2172
1761
1501
1536
1821
2118
2251
2255
2157
2015
1821
1653
1634
1785
2007
2217
2404
2557
2613
2522
2209
1787
1508
1531
1822
2107
2255
2259
2167
2030
1830
1665
1630
1771
1979
2184
2382
2538
2615
2531
2221
1817
1510
1520
1789
2069
2237
2246
2175
2028
1830
1635
1597
1726
1923
2149
2341
2502
2590
2527
2236
1835
1517
1508
1771
2055
2221
2249
2188
2058
1862
1665
1604
1718
1923
2138
2342
2495
2607
2563
2289
1885
1546
1531
1775
2071
2237
2269
2214
2084
1895
1692
1618
1707
1906
2133
2331
2500
2612
2570
2315
1893
1563
1524
1751
2032
2206
2255
2208
2089
1894
1688
1592
1669
1864
2088
2292
2459
2588
2564
2336
1913
1567
1524
1734
2020
2201
2251
2219
2120
1922
1705
1592
1653
1843
2079
2284
2467
2593
2590
2383
1953
1610
1539
1740
2024
2212
2266
2238
2151
1949
1724
1609
1646
1827
2056
2270
2454
2587
2608
2397
1983
1630
1538
1727
1996
2196
2251
2242
2160
1966
1743
1595
1624
1797
2032
2237
2429
2575
2610
2425
2008
1647
1544
1720
1994
2188
2257
2255
2176
1992
1765
1608
1616
1783
2009
2221
2415
2563
2622
2436
2047
1665
1553
1717
1979
2178
2257
2261
2198
2015
1773
1599
1601
1755
1977
2201
2385
2556
2623
2450
2057
1670
1551
1700
1952
2146
2231
2257
2202
2026
1776
1590
1578
1728
1958
2170
2346
2526
2620
2459
2075
1690
1551
1691
1948
2140
2232
2265
2224
2055
1809
1609
1589
1727
1947
2156
2330
2528
2641
2495
2121
1720
1565
1696
1941
2139
2235
2276
2248
2087
1835
1615
1570
1695
1916
2127
2318
2517
2637
2506
2145
1738
1573
1681
1924
2118
2218
2279
2252
2110
1851
1635
1573
1684
1905
2100
2287
2499
2637
2531
2169
1764
1580
1684
1924
2103
2215
2276
2280
2137
1874
1643
1558
1669
1890
2090
2269
2493
2643
2550
2156
1760
1592
1702
1936
2106
2224
2286
2282
2151
1880
1650
1568
1680
1880
2079
2274
2509
2648
2192
1792
1617
1712
1918
2096
2206
2287
2292
2149
1891
1657
1560
1651
1855
2034
2235
2481
2640
2549
2094
1720
1606
1737
1951
2112
2221
2298
2284
2108
1851
1619
1560
1695
1885
2068
2282
2518
2649
2137
1757
1617
1730
1932
2094
2197
2296
2298
2137
1878
1619
1550
1671
1854
2018
2231
2481
2624
2511
2136
1760
1616
1715
1896
2054
2175
2276
2291
2150
1876
1606
1519
1637
1817
1984
2203
2455
2620
2521
2148
1766
1617
1720
1904
2063
2175
2284
2320
2187
1915
1640
1539
1645
1818
1987
2197
2466
2646
2556
2120
1756
1646
1754
1943
2088
2206
2313
2329
2178
1895
1617
1555
1667
1834
2004
2233
2500
2642
2518
2131
1781
1655
1761
1942
2072
2192
2302
2332
2188
1898
1622
1552
1658
1807
1965
2204
2480
2645
2518
2146
1796
1668
1774
1933
2068
2190
2313
2355
2225
1933
1642
1565
1667
1817
1966
2182
2470
2652
2210
1833
1700
1786
1933
2064
2186
2317
2377
2250
1957
1672
1571
1656
1784
1926
2147
2438
2638
2554
2224
1855
1707
1778
1914
2037
2166
2307
2380
2274
1966
1679
1575
1644
1768
1896
2123
2420
2636
2562
2117
1790
1710
1811
1933
2052
2184
2328
2388
2235
1901
1631
1578
1665
1780
1921
2163
2470
2641
2508
2141
1805
1710
1796
1912
2025
2157
2311
2389
2245
1920
1643
1567
1637
1742
1885
2122
2416
2613
2504
2151
1810
1698
1776
1898
2011
2136
2299
2383
2243
1924
1640
1554
1618
1712
1847
2095
2403
2610
2507
2168
1825
1720
1782
1897
2005
2132
2306
2402
2277
1954
1670
1580
1626
1712
1835
2065
2398
2606
2529
2191
1858
1750
1791
1903
1994
2129
2301
2406
2294
1973
1697
1584
1622
1703
1827
2060
2382
2606
2527
2206
1889
1760
1793
1892
1988
2119
2301
2420
2317
2007
1713
1595
1617
1694
1804
2029
2361
2601
2546
2230
1916
1768
1805
1899
1975
2109
2297
2431
2333
2040
1746
1610
1631
1689
1784
2011
2344
2597
2562
2252
1944
1788
1818
1895
1980
2113
2299
2451
2360
2065
1776
1629
1633
1684
1777
2000
2328
2584
2557
2282
1960
1804
1822
1893
1964
2091
2299
2457
2376
2084
1785
1634
1634
1671
1754
1954
2300
2581
2564
2297
1969
1815
1833
1904
1963
2074
2296
2458
2399
2114
1810
1656
1635
1663
1740
1935
2274
2562
2554
2293
1978
1832
1842
1896
1953
2059
2278
2453
2390
2122
1821
1670
1636
1650
1714
1904
2250
2527
2535
2295
1998
1838
1829
1874
1923
2030
2252
2433
2394
2142
1837
1676
1624
1643
1687
1864
2217
2501
2531
2310
2007
1851
1843
1870
1902
2007
2234
2432
2413
2157
1862
1683
1627
1636
1668
1848
2191
2482
2538
2320
2019
1859
1845
1880
1899
2005
2223
2434
2431
2172
1877
1688
1629
1620
1641
1816
2153
2453
2519
2322
2040
1874
1846
1874
1882
1987
2217
2425
2426
2192
1914
1710
1642
1614
1618
1797
2125
2447
2515
2320
2060
1890
1862
1877
1877
1978
2204
2431
2441
2221
1927
1730
1662
1623
1624
1793
2115
2443
2523
2343
2089
1910
1886
1880
1882
1985
2211
2435
2454
2245
1966
1762
1676
1618
1615
1772
2097
2424
2516
2357
2103
1935
1900
1887
1875
1964
2206
2429
2459
2275
1985
1783
1695
1624
1605
1749
2064
2396
2514
2365
2111
1947
1914
1891
1875
1955
2191
2421
2471
2285
2002
1791
1691
1611
1599
1724
2038
2373
2493
2357
2123
1945
1907
1884
1861
1937
2168
2393
2463
2302
2015
1807
1690
1618
1580
1700
2005
2343
2475
2358
2122
1961
1915
1882
1847
1915
2151
2390
2472
2314
2031
1830
1702
1619
1575
1686
2005
2331
2474
2371
2143
1989
1943
1915
1861
1930
2152
2407
2497
2331
2071
1868
1747
1647
1588
1680
1976
2323
2473
2369
2159
2017
1962
1917
1860
1922
2153
2404
2501
2347
2099
1881
1748
1638
1574
1665
1957
2293
2460
2371
2163
2022
1969
1924
1850
1912
2127
2386
2490
2355
2104
1904
1768
1652
1566
1649
1930
2272
2448
2354
2165
2032
1984
1919
1848
1899
2112
2382
2490
2364
2125
1919
1784
1654
1563
1639
1906
2256
2424
2358
2181
2045
1996
1928
1856
1891
2096
2360
2487
2392
2149
1949
1809
1668
1557
1619
1876
2218
2401
2360
2168
2056
2008
1923
1856
1884
2080
2355
2473
2380
2148
1958
1810
1668
1556
1596
1861
2190
2388
2341
2177
2065
1996
1921
1848
1864
2071
2331
2466
2396
2173
1988
1830
1679
1546
1582
1820
2159
2361
2333
2180
2081
2011
1932
1841
1861
2055
2318
2459
2379
2175
1989
1833
1662
1527
1554
1804
2125
2331
2296
2159
2069
2006
1921
1829
1836
2031
2303
2448
2382
2193
2015
1864
1697
1548
1556
1788
2116
2325
2305
2177
2085
2039
1955
1842
1848
2033
2297
2460
2397
2217
2038
1891
1709
1558
1564
1768
2107
2317
2307
2189
2102
2046
1960
1848
1843
2020
2281
2452
2406
2238
2060
1906
1723
1568
1547
1752
2082
2300
2295
2191
2112
2065
1982
1854
1841
1996
2260
2448
2418
2264
2087
1940
1750
1579
1551
1746
2067
2287
2292
2207
2125
2086
1990
1864
1847
2003
2270
2459
2430
2275
2122
1955
1769
1586
1550
1750
2061
2274
2297
2207
2143
2107
2012
1888
1857
2001
2268
2451
2441
2299
2150
1988
1792
1602
1548
1731
2041
2256
2293
2224
2167
2122
2020
1896
1859
2003
2263
2444
2440
2316
2166
2006
1805
1610
1554
1726
2023
2233
2268
2205
2152
2122
2031
1889
1837
1977
2240
2422
2427
2308
2157
2004
1800
1590
1524
1694
1980
2198
2239
2178
2144
2107
2012
1880
1819
1942
2208
2397
2414
2312
2188
2021
1827
1591
1517
1673
1949
2168
2219
2179
2146
2112
2018
1874
1814
1946
2199
2403
2417
2329
2191
2042
1839
1607
1519
1671
1943
2157
2211
2173
2146
2121
2031
1883
1824
1943
2197
2384
2415
2329
2201
2063
1844
1619
1524
1660
1920
2130
2189
2162
2151
2128
2033
1886
1808
1918
2173
2371
2411
2334
2226
2082
1869
1625
1523
1644
1906
2124
2174
2157
2147
2127
2042
1901
1811
1915
2170
2368
2412
2347
2239
2105
1890
1649
1522
1635
1884
2094
2152
2146
2145
2139
2060
1905
1810
1905
2138
2341
2404
2347
2252
2130
1900
1655
1532
1634
1893
2087
2151
2148
2157
2148
2068
1914
1821
1917
2147
2343
2412
2373
2288
2157
1922
1687
1548
1650
1885
2077
2148
2153
2174
2158
2092
1937
1839
1924
2145
2344
2418
2384
2298
2170
1953
1704
1557
1637
1868
2059
2139
2154
2160
2165
2102
1941
1838
1916
2126
2338
2414
2374
2301
2181
1969
1713
1556
1629
1853
2037
2110
2130
2145
2161
2098
1938
1833
1906
2109
2315
2397
2371
2308
2193
1980
1718
1555
1615
1831
2007
2094
2119
2138
2168
2107
1954
1834
1891
2097
2303
2389
2381
2325
2215
2008
1739
1570
1620
1815
2000
2084
2118
2131
2163
2112
1952
1841
1890
2078
2280
2381
2384
2337
2241
2031
1754
1581
1624
1801
1979
2061
2103
2137
2169
2111
1965
1844
1891
2079
2277
2378
2391
2353
2252
2038
1778
1596
1621
1799
1964
2059
2092
2127
2171
2123
1977
1860
1893
2069
2264
2371
2394
2365
2269
2060
1790
1605
1633
1789
1953
2042
2079
2122
2169
2127
1978
1862
1884
2063
2259
2372
2397
2375
2286
2095
1818
1627
1627
1776
1940
2030
2071
2120
2161
2121
1992
1869
1896
2056
2250
2358
2392
2377
2296
2091
1823
1629
1631
1777
1926
2012
2051
2105
2158
2127
1992
1867
1884
2040
2224
2338
2378
2375
2311
2112
1837
1640
1630
1755
1907
1994
2033
2093
2145
2122
1984
1861
1884
2024
2215
2333
2373
2366
2303
2108
1844
1645
1616
1729
1875
1961
2003
2068
2123
2104
1984
1865
1864
2005
2187
2308
2362
2373
2315
2132
1846
1657
1623
1730
1873
1956
2004
2066
2132
2116
1996
1881
1881
2010
2189
2317
2376
2400
2347
2169
1914
1695
1644
1736
1880
1961
2009
2063
2136
2130
2019
1895
1886
2019
2184
2312
2385
2407
2360
2182
1915
1713
1645
1734
1862
1943
1994
2066
2140
2130
2019
1909
1898
2012
2178
2310
2382
2424
2386
2195
1933
1721
1660
1747
1861
1935
1984
2062
2130
2121
2018
1904
1898
2007
2164
2296
2377
2429
2389
2210
1960
1737
1671
1745
1850
1929
1974
2047
2124
2115
2026
1915
1898
1997
2164
2295
2382
2443
2401
2221
1966
1755
1678
1747
1847
1923
1972
2044
2121
2121
2026
1919
1904
2007
2160
2294
2379
2445
2409
2251
2000
1784
1693
1745
1840
1909
1953
2034
2109
2111
2030
1919
1898
1991
2144
2268
2370
2438
2418
2254
2015
1791
1710
1748
1832
1892
1941
2012
2098
2095
2029
1923
1896
1983
2127
2257
2367
2445
2408
2254
2010
1795
1698
1723
1810
1867
1920
1988
2066
2069
2005
1914
1886
1962
2106
2229
2347
2418
2397
2247
2015
1811
1705
1726
1801
1861
1907
1989
2061
2073
2012
1924
1895
1971
2108
2236
2351
2431
2413
2276
2041
1834
1721
1736
1809
1863
1913
1982
2054
2067
2017
1925
1891
1975
2092
2221
2338
2424
2420
2288
2058
1837
1724
1735
1795
1847
1893
1966
2041
2061
2010
1938
1908
1972
2087
2219
2344
2432
2433
2293
2078
1864
1755
1756
1802
1844
1892
1961
2031
2053
2016
1939
1915
1975
2085
2212
2344
2442
2442
2312
2093
1878
1765
1757
1796
1843
1885
1957
2035
2063
2024
1951
1925
1982
2087
2215
2343
2444
2455
2333
2132
1911
1784
1765
1807
1849
1903
1969
2026
2048
2017
1957
1931
1976
2082
2210
2342
2446
2458
2333
2145
1931
1801
1779
1802
1838
1889
1951
2016
2053
2017
1952
1941
1975
2073
2198
2338
2447
2455
2344
2159
1949
1819
1779
1796
1827
1880
1947
2003
2036
1993
1944
1933
1971
2057
2174
2319
2434
2448
2343
2150
1949
1813
1772
1771
1805
1862
1923
1984
1999
1972
1935
1918
1950
2030
2150
2302
2421
2438
2343
2151
1961
1833
1777
1777
1803
1853
1914
1976
2003
1968
1936
1934
1957
2041
2162
2312
2431
2458
2372
2183
1996
1851
1793
1792
1814
1859
1912
1973
1995
1978
1944
1935
1964
2037
2152
2297
2422
2462
2374
2194
2004
1860
1797
1781
1802
1849
1901
1965
1989
1962
1928
1930
1964
2026
2148
2290
2415
2461
2379
2209
2019
1877
1806
1783
1800
1844
1901
1957
1976
1956
1932
1934
1965
2030
2139
2285
2417
2462
2391
2224
2041
1897
1817
1788
1798
1843
1896
1952
1959
1951
1942
1939
1965
2021
2131
2284
2420
2470
2396
2237
2060
1922
1834
1785
1796
1838
1904
1956
1961
1956
1937
1942
1969
2026
2128
2280
2420
2475
2422
2265
2084
1941
1840
1801
1801
1848
1902
1949
1955
1947
1938
1942
1962
2023
2128
2277
2420
2479
2420
2267
2098
1951
1848
1805
1800
1829
1888
1930
1947
1940
1922
1928
1955
2012
2105
2252
2392
2461
2418
2264
2098
1945
1851
1794
1785
1819
1876
1912
1927
1919
1901
1910
1942
1987
2086
2233
2377
2457
2416
2264
2101
1959
1862
1797
1774
1803
1871
1911
1922
1901
1898
1923
1953
2000
2089
2239
2382
2465
2424
2280
2139
1993
1882
1806
1779
1817
1880
1928
1918
1898
1902
1930
1960
1994
2091
2233
2390
2478
2427
2294
2149
2011
1904
1811
1778
1810
1868
1912
1910
1901
1899
1924
1951
1991
2090
2229
2381
2462
2427
2309
2162
2028
1911
1817
1785
1814
1879
1922
1914
1897
1899
1925
1959
2000
2083
2222
2386
2475
2438
2329
2182
2051
1926
1825
1782
1808
1876
1916
1912
1890
1889
1921
1948
1994
2072
2209
2377
2465
2441
2337
2203
2055
1933
1838
1799
1819
1877
1908
1904
1889
1887
1910
1944
1993
2072
2199
2364
2456
2447
2354
2218
2078
1949
1833
1784
1807
1866
1905
1902
1872
1871
1898
1939
1987
2060
2190
2361
2455
2450
2353
2226
2085
1950
1833
1780
1808
1865
1899
1885
1849
1861
1890
1931
1970
2038
2183
2352
2445
2432
2345
2223
2104
1957
1837
1773
1799
1852
1892
1878
1841
1850
1883
1920
1970
2036
2180
2348
2439
2438
2354
2241
2113
1975
1841
1775
1799
1861
1895
1870
1843
1848
1893
1937
1973
2037
2186
2345
2444
2447
2362
2253
2145
1992
1850
1777
1799
1856
1898
1868
1832
1838
1882
1939
1966
2039
2179
2345
2452
2452
2370
2256
2156
2010
1869
1787
1800
1865
1903
1880
1833
1835
1885
1940
1974
2035
2169
2335
2446
2447
2369
2279
2169
2017
1877
1786
1799
1861
1895
1861
1820
1825
1875
1937
1961
2021
2162
2332
2442
2448
2371
2284
2177
2029
1883
1793
1805
1861
1899
1867
1824
1826
1879
1930
1965
2029
2168
2330
2436
2446
2380
2298
2200
2046
1895
1802
1803
1864
1901
1865
1819
1820
1870
1928
1967
2027
2156
2324
2434
2446
2389
2313
2208
2066
1898
1807
1800
1862
1895
1870
1821
1807
1862
1923
1960
2026
2153
2310
2420
2439
2374
2312
2217
2070
1904
1798
1787
1846
1889
1865
1801
1788
1840
1909
1950
2013
2126
2286
2404
2421
2367
2307
2225
2084
1912
1788
1771
1839
1883
1863
1796
1775
1840
1911
1945
1996
2111
2275
2400
2417
2372
2316
2229
2092
1914
1799
1781
1844
1891
1866
1789
1763
1825
1903
1946
2006
2114
2283
2405
2415
2375
2330
2251
2119
1933
1808
1783
1841
1889
1863
1788
1773
1828
1902
1938
1998
2107
2268
2389
2409
2378
2340
2268
2131
1955
1810
1782
1839
1890
1867
1786
1770
1834
1899
1946
1994
2104
2276
2392
2411
2387
2357
2293
2145
1957
1818
1792
1844
1903
1874
1794
1782
1839
1907
1949
1998
2112
2271
2389
2418
2390
2360
2298
2165
1988
1831
1799
1855
1909
1888
1808
1784
1837
1908
1944
1997
2108
2263
2387
2406
2393
2367
2320
2188
2003
1851
1806
1863
1915
1892
1801
1780
1837
1910
1956
1997
2101
2261
2374
2401
2386
2372
2323
2201
2003
1841
1798
1857
1910
1884
1803
1774
1823
1899
1940
1983
2094
2251
2363
2390
2374
2368
2333
2213
2009
1833
1779
1842
1901
1872
1786
1761
1814
1880
1916
1955
2068
2237
2340
2370
2362
2352
2329
2207
2013
1839
1776
1827
1890
1858
1785
1750
1795
1859
1905
1957
2070
2230
2333
2365
2368
2367
2344
2227
2040
1847
1777
1838
1902
1868
1791
1746
1797
1870
1909
1948
2061
2222
2328
2362
2351
2359
2348
2253
2060
1866
1781
1831
1898
1875
1788
1742
1789
1860
1905
1943
2055
2208
2311
2348
2350
2354
2351
2253
2070
1877
1783
1833
1892
1877
1791
1748
1792
1869
1906
1950
2058
2209
2310
2341
2339
2364
2368
2289
2091
1888
1786
1835
1902
1878
1792
1747
1786
1870
1904
1938
2046
2201
2313
2343
2346
2368
2378
2300
2111
1891
1805
1847
1914
1889
1806
1755
1801
1880
1907
1951
2055
2197
2307
2344
2343
2380
2393
2322
2131
1913
1806
1846
1909
1885
1804
1749
1792
1869
1901
1938
2041
2193
2304
2333
2342
2368
2393
2328
2150
1916
1801
1844
1909
1896
1815
1756
1801
1872
1903
1931
2033
2180
2281
2313
2318
2353
2396
2339
2148
1926
1803
1840
1901
1879
1784
1738
1790
1852
1879
1911
2011
2166
2270
2301
2309
2338
2384
2347
2163
1931
1798
1830
1900
1887
1794
1743
1794
1863
1883
1921
2018
2168
2268
2300
2307
2355
2407
2362
2183
1940
1820
1855
1915
1886
1801
1748
1798
1860
1875
1913
2022
2164
2272
2304
2316
2349
2414
2386
2204
1961
1836
1852
1917
1892
1807
1753
1799
1856
1881
1917
2016
2168
2263
2287
2301
2352
2423
2402
2212
1975
1834
1855
1913
1898
1801
1753
1801
1851
1872
1900
2010
2158
2254
2284
2286
2338
2415
2405
2214
1982
1837
1848
1910
1890
1798
1748
1795
1853
1871
1900
2002
2141
2235
2264
2274
2329
2420
2407
2228
2000
1857
1863
1917
1893
1798
1750
1793
1841
1863
1898
2001
2134
2230
2260
2269
2329
2423
2415
2243
2000
1857
1859
1927
1898
1802
1759
1798
1854
1864
1903
1997
2138
2235
2257
2261
2324
2418
2425
2267
2015
1865
1865
1916
1884
1788
1747
1783
1826
1849
1877
1981
2119
2204
2226
2232
2301
2406
2422
2268
2019
1869
1854
1912
1875
1783
1729
1775
1820
1842
1863
1958
2103
2205
2216
2213
2284
2405
2438
2277
2034
1860
1860
1915
1881
1785
1738
1773
1827
1842
1860
1959
2097
2202
2213
2207
2277
2403
2448
2308
2055
1879
1875
1916
1885
1787
1748
1789
1838
1850
1875
1964
2104
2202
2207
2205
2283
2417
2458
2307
2074
1888
1885
1934
1895
1795
1750
1789
1836
1853
1877
1960
2103
2196
2203
2199
2283
2417
2473
2334
2094
1909
1899
1941
1906
1808
1769
1801
1847
1855
1876
1968
2114
2207
2213
2197
2273
2423
2480
2363
2108
1923
1906
1945
1909
1811
1768
1804
1839
1857
1876
1959
2101
2200
2208
2188
2274
2412
2488
2371
2130
1948
1929
1967
1920
1825
1783
1804
1842
1861
1876
1960
2100
2203
2199
2181
2257
2410
2496
2387
2145
1953
1929
1955
1923
1824
1777
1795
1837
1855
1863
1956
2088
2182
2183
2157
2230
2391
2494
2395
2151
1963
1931
1959
1914
1822
1768
1788
1839
1838
1855
1940
2074
2175
2171
2139
2202
2374
2486
2389
2149
1957
1925
1953
1910
1810
1754
1777
1821
1818
1829
1910
2060
2159
2147
2107
2174
2353
2476
2400
2153
1963
1932
1948
1903
1807
1750
1781
1821
1829
1840
1917
2063
2151
2143
2108
2174
2347
2475
2401
2176
1987
1947
1959
1919
1815
1759
1785
1822
1822
1832
1915
2057
2160
2139
2101
2159
2343
2486
2410
2189
1991
1957
1968
1918
1821
1755
1781
1820
1825
1833
1906
2045
2143
2131
2082
2139
2322
2477
2429
2207
2014
1969
1966
1916
1819
1759
1781
1817
1820
1823
1909
2052
2147
2129
2076
2130
2327
2479
2432
2227
2043
1991
1986
1941
1828
1777
1793
1828
1831
1832
1916
2055
2152
2131
2071
2128
2316
2486
2463
2244
2071
2002
1994
1948
1851
1783
1791
1827
1834
1834
1911
2052
2147
2134
2066
2122
2311
2494
2471
2267
2078
2006
1999
1952
1852
1786
1797
1829
1839
1825
1904
2052
2153
2128
2059
2108
2303
2487
2461
2274
2093
2024
2017
1957
1860
1792
1798
1830
1821
1813
1894
2041
2139
2116
2045
2076
2282
2471
2452
2282
2094
2028
2014
1957
1850
1786
1783
1821
1815
1807
1882
2035
2143
2106
2029
2051
2262
2453
2458
2291
2098
2034
2017
1955
1848
1780
1785
1821
1813
1813
1887
2028
2135
2110
2017
2036
2240
2442
2452
2295
2119
2045
2032
1961
1855
1790
1796
1831
1819
1808
1874
2025
2135
2120
2016
2031
2226
2439
2461
2318
2126
2061
2039
1971
1873
1790
1800
1819
1808
1807
1885
2034
2139
2113
2000
2024
2230
2423
2459
2320
2146
2082
2052
1976
1868
1789
1794
1819
1809
1794
1874
2032
2141
2110
1999
2014
2212
2422
2468
2329
2167
2098
2063
1999
1874
1798
1803
1828
1812
1791
1873
2026
2144
2111
1990
2005
2201
2418
2475
2337
2181
2109
2075
1997
1885
1801
1807
1827
1804
1796
1865
2020
2144
2107
1980
1983
2177
2394
2456
2340
2182
2113
2082
2009
1889
1797
1795
1820
1804
1786
1852
1998
2141
2101
1977
1967
2156
2385
2451
2336
2195
2115
2086
1999
1883
1799
1797
1816
1797
1778
1849
2010
2139
2093
1969
1961
2137
2365
2445
2346
2202
2132
2099
2018
1883
1795
1793
1811
1794
1771
1822
1992
2132
2089
1961
1937
2121
2353
2437
2350
2206
2138
2103
2025
1894
1808
1808
1821
1798
1773
1834
2006
2143
2098
1967
1945
2119
2358
2442
2358
2234
2163
2125
2050
1910
1828
1827
1833
1808
1772
1834
2017
2149
2105
1971
1938
2112
2344
2439
2371
2249
2174
2141
2058
1914
1839
1825
1833
1810
1764
1828
2005
2141
2099
1966
1927
2093
2315
2427
2375
2251
2187
2150
2061
1931
1849
1829
1828
1804
1761
1825
2006
2142
2103
1963
1922
2077
2303
2420
2367
2254
2195
2156
2069
1937
1855
1829
1839
1807
1769
1831
2009
2146
2111
1977
1916
2065
2304
2428
2385
2276
2217
2179
2091
1962
1867
1839
1842
1815
1760
1823
1999
2144
2116
1981
1912
2056
2281
2418
2377
2278
2220
2191
2090
1971
1866
1836
1846
1805
1749
1817
1995
2148
2120
1964
1898
2035
2263
2393
2363
2269
2217
2190
2094
1968
1867
1834
1841
1798
1731
1800
1974
2140
2121
1969
1878
2003
2224
2371
2357
2266
2223
2180
2090
1962
1849
1825
1823
1773
1721
1790
1968
2124
2098
1947
1869
1982
2206
2346
2330
2264
2228
2192
2104
1964
1858
1833
1838
1779
1721
1787
1970
2124
2115
1954
1867
1965
2194
2346
2346
2283
2251
2196
2125
1988
1879
1849
1849
1786
1728
1779
1958
2129
2124
1967
1871
1957
2181
2335
2341
2293
2255
2229
2147
2005
1882
1855
1848
1789
1728
1781
1967
2139
2128
1974
1873
1963
2181
2334
2346
2296
2263
2229
2147
2013
1892
1871
1860
1805
1738
1783
1975
2139
2130
1973
1877
1963
2164
2318
2340
2303
2279
2242
2168
2024
1916
1889
1873
1798
1734
1781
1974
2147
2148
2000
1874
1958
2166
2319
2351
2322
2291
2269
2199
2038
1929
1901
1883
1818
1744
1785
1967
2148
2148
1999
1878
1942
2133
2286
2331
2310
2297
2272
2190
2043
1934
1901
1881
1800
1723
1774
1955
2135
2142
1988
1869
1931
2123
2267
2316
2303
2283
2267
2182
2036
1926
1895
1876
1800
1725
1753
1942
2125
2140
1995
1856
1915
2094
2246
2295
2285
2279
2268
2193
2040
1936
1901
1871
1799
1715
1745
1926
2104
2130
1981
1857
1901
2077
2232
2289
2285
2287
2282
2200
2055
1950
1907
1886
1811
1724
1750
1934
2116
2143
2002
1860
1895
2066
2215
2280
2281
2283
2286
2209
2071
1962
1920
1890
1817
1717
1746
1924
2115
2152
2011
1873
1901
2064
2216
2287
2281
2291
2300
2218
2087
1973
1931
1905
1822
1720
1747
1913
2115
2157
2013
1872
1892
2038
2193
2269
2275
2296
2296
2220
2091
1977
1937
1901
1813
1713
1734
1904
2105
2149
2009
1882
1884
2012
2171
2244
2263
2289
2292
2232
2100
1991
1945
1913
1811
1721
1734
1899
2114
2163
2027
1896
1885
2012
2164
2251
2274
2307
2322
2246
2123
2011
1969
1934
1834
1736
1741
1906
2117
2169
2042
1901
1877
2000
2153
2241
2261
2298
2312
2255
2125
2019
1969
1938
1838
1739
1729
1894
2103
2160
2039
1901
1883
1990
2135
2208
2247
2297
2317
2257
2129
2017
1974
1932
1844
1722
1717
1875
2096
2153
2040
1905
1869
1977
2122
2203
2247
2289
2315
2253
2137
2031
1984
1934
1833
1726
1717
1876
2086
2147
2046
1907
1866
1962
2090
2181
2234
2289
2314
2262
2148
2038
1984
1942
1840
1729
1713
1868
2074
2156
2057
1920
1872
1954
2080
2175
2225
2286
2316
2277
2157
2058
2008
1960
1862
1735
1713
1868
2076
2160
2066
1926
1874
1958
2082
2164
2222
2282
2320
2281
2171
2068
2014
1969
1866
1734
1713
1864
2072
2159
2080
1930
1871
1948
2066
2156
2215
2280
2323
2283
2181
2076
2028
1968
1871
1742
1717
1860
2062
2164
2082
1943
1886
1944
2040
2128
2207
2275
2321
2290
2190
2091
2032
1984
1884
1751
1716
1850
2060
2162
2086
1940
1883
1938
2040
2126
2191
2269
2326
2290
2197
2105
2047
1996
1885
1744
1711
1847
2052
2161
2090
1955
1879
1923
2009
2099
2173
2265
2316
2289
2193
2099
2050
2003
1896
1737
1698
1828
2043
2155
2086
1952
1879
1919
2011
2087
2163
2251
2308
2288
2202
2107
2056
2001
1888
1740
1699
1816
2030
2143
2086
1964
1881
1914
1998
2066
2142
2234
2303
2292
2203
2108
2058
2015
1898
1741
1695
1814
2019
2140
2093
1962
1888
1912
1981
2053
2133
2240
2303
2292
2210
2122
2072
2026
1908
1756
1702
1813
2013
2144
2106
1981
1900
1913
1979
2050
2134
2231
2294
2296
2226
2136
2083
2037
1910
1768
1711
1823
2015
2145
2122
1990
1907
1910
1967
2039
2124
2227
2295
2303
2231
2141
2098
2053
1936
1774
1707
1806
2006
2145
2123
2007
1913
1906
1959
2025
2116
2219
2286
2296
2239
2152
2112
2063
1943
1787
1712
1802
1997
2137
2125
2007
1919
1910
1961
2026
2118
2215
2297
2312
2253
2173
2128
2085
1961
1798
1712
1791
1997
2143
2133
2018
1933
1923
1954
2014
2107
2206
2298
2320
2262
2187
2148
2104
1971
1801
1705
1791
1985
2131
2136
2028
1932
1915
1940
1995
2086
2184
2286
2313
2264
2189
2158
2106
1983
1787
1690
1767
1967
2123
2127
2022
1928
1899
1914
1978
2063
2177
2275
2307
2250
2179
2145
2105
1973
1789
1678
1738
1942
2113
2117
2023
1924
1893
1908
1952
2041
2157
2264
2299
2251
2194
2155
2109
1972
1793
1669
1732
1933
2099
2123
2025
1937
1886
1896
1948
2033
2154
2267
2304
2254
2208
2181
2128
1993
1797
1669
1729
1923
2105
2130
2046
1954
1893
1892
1936
2023
2144
2265
2308
2275
2226
2192
2148
2007
1810
1680
1724
1923
2107
2136
2065
1965
1904
1900
1938
2019
2143
2264
2314
2290
2236
2208
2164
2028
1822
1683
1722
1919
2103
2145
2080
1978
1910
1897
1933
2009
2134
2257
2316
2301
2255
2227
2177
2044
1836
1692
1716
1909
2102
2158
2097
1988
1909
1900
1920
2000
2117
2251
2323
2310
2268
2230
2197
2056
1847
1691
1715
1901
2091
2160
2100
2002
1925
1896
1914
1978
2097
2246
2323
2314
2276
2246
2210
2064
1848
1684
1703
1890
2090
2163
2108
2007
1915
1886
1904
1961
2088
2228
2304
2310
2271
2250
2213
2073
1860
1673
1684
1867
2063
2148
2107
2005
1914
1876
1879
1940
2063
2202
2298
2301
2265
2243
2214
2075
1857
1663
1660
1844
2047
2147
2102
2001
1907
1871
1872
1920
2040
2183
2284
2303
2276
2258
2228
2112
1878
1670
1661
1835
2040
2146
2119
2015
1931
1873
1862
1906
2031
2180
2287
2310
2286
2280
2250
2124
1892
1681
1660
1822
2037
2145
2136
2034
1927
1869
1854
1901
2023
2175
2279
2309
2303
2287
2254
2132
1896
1699
1661
1808
2017
2141
2138
2045
1937
1873
1845
1887
1999
2150
2269
2310
2300
2293
2271
2139
1910
1690
1650
1802
2010
2141
2144
2039
1939
1872
1843
1878
1983
2142
2251
2298
2301
2297
2281
2153
1913
1709
1654
1794
2006
2142
2160
2067
1958
1894
1851
1881
1980
2142
2258
2314
2323
2324
2312
2180
1944
1728
1662
1797
1999
2147
2160
2079
1979
1893
1852
1864
1972
2131
2261
2316
2323
2327
2323
2196
1968
1723
1645
1771
1980
2143
2165
2089
1982
1898
1853
1852
1950
2099
2230
2306
2321
2344
2333
2213
1977
1725
1651
1760
1968
2134
2170
2095
1982
1895
1831
1831
1927
2074
2220
2300
2315
2338
2329
2215
1983
1734
1635
1731
1940
2115
2169
2097
1992
1897
1829
1814
1900
2045
2201
2284
2304
2333
2333
2223
1989
1739
1629
1717
1943
2127
2166
2105
1993
1903
1830
1820
1891
2040
2202
2286
2324
2364
2359
2255
2023
1753
1645
1719
1923
2116
2177
2123
2010
1920
1834
1808
1878
2020
2185
2274
2317
2361
2375
2274
2042
1777
1649
1710
1912
2107
2184
2129
2023
1918
1831
1812
1860
2009
2162
2261
2319
2368
2383
2280
2058
1785
1633
1696
1896
2104
2197
2136
2040
1929
1843
1806
1840
1977
2146
2260
2332
2375
2395
2303
2067
1803
1638
1684
1885
2092
2192
2153
2051
1935
1847
1803
1835
1978
2136
2252
2332
2384
2413
2319
2088
1819
1648
1687
1878
2093
2189
2159
2074
1955
1850
1792
1820
1958
2125
2251
2321
2378
2417
2325
2117
1825
1650
1673
1868
2085
2184
2169
2073
1963
1862
1782
1807
1935
2097
2225
2302
2377
2412
2334
2129
1834
1654
1656
1848
2065
2186
2173
2077
1969
1855
1772
1789
1901
2070
2207
2292
2371
2404
2333
2130
1862
1659
1652
1833
2056
2184
2176
2083
1974
1864
1768
1787
1889
2047
2195
2285
2367
2401
2346
2145
1879
1665
1643
1826
2043
2176
2176
2100
1987
1868
1776
1777
1875
2036
2177
2274
2363
2408
2355
2171
1900
1687
1653
1825
2034
2187
2193
2109
2011
1884
1796
1783
1873
2026
2168
2285
2370
2426
2379
2200
1936
1707
1667
1820
2034
2187
2196
2130
2034
1901
1808
1783
1862
2011
2164
2273
2368
2432
2382
2214
1958
1714
1657
1798
2020
2174
2199
2137
2051
1931
1813
1763
1841
1984
2140
2261
2356
2420
2392
2240
1971
1743
1675
1798
2032
2183
2202
2152
2062
1941
1831
1781
1840
1990
2143
2258
2369
2434
2412
2265
1999
1758
1675
1802
2026
2178
2210
2164
2077
1949
1825
1760
1816
1957
2116
2234
2344
2414
2404
2271
2005
1754
1662
1775
1991
2143
2190
2155
2069
1952
1822
1751
1793
1929
2086
2220
2336
2398
2393
2260
2023
1761
1658
1776
1977
2133
2191
2155
2078
1960
1822
1742
1785
1913
2056
2194
2310
2392
2405
2279
2028
1762
1651
1746
1949
2116
2178
2156
2071
1963
1818
1732
1756
1878
2027
2171
2288
2376
2398
2281
2042
1779
1654
1745
1936
2101
2174
2162
2095
1978
1836
1747
1759
1875
2026
2167
2289
2380
2414
2308
2087
1813
1672
1744
1941
2112
2188
2179
2121
2010
1865
1757
1759
1862
2014
2165
2283
2378
2415
2321
2103
1811
1672
1741
1930
2104
2175
2170
2115
2009
1865
1745
1748
1848
1989
2141
2267
2367
2409
2335
2111
1830
1681
1740
1923
2094
2172
2177
2128
2033
1888
1764
1745
1832
1983
2138
2264
2379
2429
2372
2155
1870
1720
1756
1933
2104
2197
2208
2164
2064
1912
1784
1754
1830
1976
2134
2263
2372
2433
2383
2171
1894
1714
1748
1919
2096
2183
2196
2168
2070
1919
1793
1746
1811
1966
2114
2245
2364
2425
2389
2184
1900
1730
1753
1918
2088
2180
2196
2173
2087
1931
1802
1733
1802
1944
2092
2236
2344
2424
2397
2190
1916
1734
1744
1904
2076
2170
2193
2180
2089
1944
1798
1724
1775
1914
2075
2210
2318
2409
2389
2194
1922
1721
1731
1885
2055
2148
2178
2175
2094
1953
1789
1710
1770
1897
2049
2187
2307
2407
2400
2215
1937
1735
1733
1881
2048
2139
2180
2181
2115
1975
1802
1717
1765
1886
2039
2172
2293
2409
2414
2241
1964
1753
1739
1873
2038
2129
2183
2188
2128
1985
1814
1722
1745
1877
2028
2153
2286
2406
2421
2243
1970
1748
1730
1871
2024
2131
2178
2190
2134
2009
1831
1724
1745
1858
2011
2137
2265
2395
2417
2263
1988
1766
1740
1866
2018
2117
2176
2191
2150
2018
1832
1730
1738
1858
2001
2128
2261
2401
2433
2276
2013
1794
1754
1872
2014
2120
2179
2213
2177
2041
1864
1742
1741
1849
1995
2115
2252
2401
2439
2300
2030
1803
1754
1862
2011
2114
2178
2208
2177
2046
1870
1742
1720
1826
1963
2082
2230
2377
2437
2309
2042
1811
1750
1854
1991
2097
2163
2210
2184
2055
1883
1731
1715
1821
1949
2070
2214
2372
2443
2312
2057
1817
1754
1851
1986
2083
2158
2213
2197
2078
1899
1745
1714
1807
1931
2048
2199
2351
2430
2333
2065
1828
1756
1841
1966
2073
2151
2204
2203
2087
1911
1751
1708
1797
1919
2043
2186
2352
2435
2339
2086
1850
1766
1848
1976
2079
2160
2222
2229
2122
1941
1763
1719
1807
1918
2031
2175
2353
2449
2370
2115
1871
1792
1862
1984
2080
2145
2223
2232
2142
1954
1768
1722
1791
1908
2012
2162
2338
2439
2366
2114
1878
1778
1847
1966
2059
2138
2214
2230
2143
1951
1769
1716
1778
1880
1991
2139
2320
2438
2368
2127
1889
1794
1852
1961
2055
2133
2220
2251
2166
1970
1783
1727
1783
1888
1986
2131
2318
2438
2386
2169
1917
1809
1860
1967
2054
2141
2224
2260
2188
2000
1799
1727
1777
1874
1967
2101
2283
2430
2390
2176
1920
1810
1850
1944
2029
2115
2206
2260
2191
1997
1799
1718
1770
1848
1938
2083
2272
2423
2388
2170
1934
1815
1855
1939
2024
2103
2204
2265
2199
2018
1808
1727
1762
1835
1927
2062
2260
2414
2390
2181
1929
1814
1842
1924
2002
2086
2183
2251
2205
2013
1808
1710
1747
1813
1893
2028
2222
2384
2373
2182
1926
1805
1833
1907
1990
2070
2173
2253
2215
2026
1813
1711
1735
1797
1880
2012
2222
2388
2385
2196
1945
1833
1845
1916
1998
2076
2184
2274
2242
2049
1843
1741
1749
1809
1881
2004
2216
2397
2406
2224
1979
1856
1863
1935
2001
2074
2185
2285
2253
2067
1861
1747
1754
1810
1879
1999
2208
2381
2400
2230
1997
1872
1864
1928
1995
2066
2186
2283
2263
2086
1877
1752
1756
1800
1865
1988
2184
2387
2416
2248
2008
1883
1873
1932
1991
2061
2179
2288
2280
2104
1899
1777
1768
1807
1858
1975
2179
2379
2422
2258
2036
1897
1889
1935
1989
2063
2186
2304
2295
2136
1920
1796
1770
1796
1852
1967
2157
2369
2411
2266
2051
1903
1885
1930
1974
2049
2162
2287
2292
2139
1923
1784
1760
1786
1833
1937
2140
2348
2403
2266
2042
1896
1886
1929
1968
2035
2157
2283
2303
2141
1929
1800
1767
1784
1816
1912
2108
2328
2395
2265
2051
1910
1880
1924
1958
2009
2139
2275
2295
2144
1942
1792
1760
1771
1791
1883
2092
2306
2375
2262
2052
1912
1887
1916
1947
2002
2131
2271
2296
2159
1955
1816
1762
1764
1787
1881
2079
2302
2383
2268
2074
1929
1900
1925
1948
1991
2127
2275
2298
2177
1966
1827
1773
1772
1787
1862
2063
2285
2380
2280
2079
1943
1903
1930
1941
1989
2118
2265
2316
2192
1985
1836
1769
1770
1775
1847
2043
2265
2362
2269
2088
1942
1902
1923
1936
1979
2108
2263
2317
2196
2001
1846
1779
1767
1756
1836
2037
2257
2362
2284
2111
1965
1918
1933
1927
1969
2100
2259
2317
2221
2023
1869
1798
1776
1767
1829
2020
2259
2371
2294
2122
1983
1944
1950
1947
1977
2108
2274
2337
2243
2044
1889
1821
1786
1761
1826
2003
2250
2363
2309
2136
2006
1954
1955
1934
1968
2087
2265
2340
2261
2065
1912
1829
1790
1763
1815
1987
2226
2356
2301
2146
2016
1964
1950
1944
1966
2097
2264
2335
2253
2071
1913
1833
1775
1750
1792
1975
2206
2339
2290
2139
2007
1952
1947
1927
1949
2074
2249
2328
2256
2079
1912
1824
1772
1737
1776
1945
2182
2314
2286
2133
2004
1960
1938
1913
1934
2060
2226
2327
2260
2080
1932
1835
1780
1733
1763
1938
2163
2310
2284
2135
2015
1971
1955
1922
1937
2057
2230
2334
2274
2107
1955
1855
1797
1739
1764
1929
2156
2308
2285
2151
2031
1985
1965
1917
1932
2042
2219
2332
2291
2122
1968
1865
1797
1737
1753
1907
2139
2294
2284
2161
2033
1984
1971
1918
1933
2041
2212
2325
2281
2133
1972
1873
1799
1738
1754
1903
2124
2285
2288
2158
2049
2005
1979
1934
1936
2041
2212
2330
2292
2150
1996
1895
1818
1740
1754
1896
2117
2284
2289
2170
2054
2014
1985
1937
1934
2031
2214
2340
2300
2162
2016
1911
1826
1747
1741
1874
2100
2266
2278
2173
2060
2020
1980
1935
1921
2016
2198
2318
2298
2158
2013
1909
1831
1740
1724
1854
2076
2244
2261
2165
2067
2021
1981
1926
1902
2006
2183
2313
2298
2161
2023
1926
1821
1729
1705
1836
2059
2231
2252
2150
2072
2020
1976
1925
1902
1993
2171
2301
2289
2169
2031
1930
1828
1724
1703
1822
2037
2207
2230
2144
2070
2024
1978
1916
1896
1986
2159
2295
2302
2185
2053
1957
1840
1736
1709
1820
2036
2211
2233
2157
2088
2050
2007
1932
1903
1996
2169
2306
2305
2194
2074
1977
1863
1760
1713
1812
2025
2201
2236
2169
2089
2059
2009
1940
1904
1984
2150
2295
2313
2209
2086
1986
1877
1762
1710
1796
2004
2186
2224
2164
2100
2063
2014
1942
1899
1974
2144
2284
2305
2218
2097
1996
1884
1760
1713
1796
2002
2178
2221
2160
2106
2077
2031
1944
1907
1971
2141
2293
2318
2231
2118
2026
1899
1775
1712
1791
1997
2166
2215
2165
2117
2091
2050
1966
1918
1976
2129
2280
2319
2245
2135
2037
1906
1785
1711
1785
1972
2149
2204
2161
2113
2091
2035
1965
1909
1968
2124
2276
2312
2239
2144
2037
1921
1788
1706
1767
1967
2132
2185
2158
2114
2093
2047
1960
1896
1954
2111
2261
2304
2235
2138
2032
1921
1771
1691
1755
1931
2103
2169
2135
2096
2080
2031
1946
1886
1930
2086
2241
2282
2234
2147
2041
1927
1782
1687
1750
1922
2088
2155
2132
2108
2088
2046
1953
1893
1940
2093
2250
2290
2240
2163
2064
1951
1797
1699
1753
1916
2081
2148
2134
2112
2101
2056
1969
1894
1934
2082
2243
2298
2260
2180
2085
1972
1807
1713
1756
1917
2074
2139
2135
2112
2104
2065
1973
1905
1934
2083
2239
2293
2262
2186
2103
1991
1823
1713
1749
1909
2077
2137
2132
2119
2114
2079
1997
1912
1935
2084
2235
2300
2270
2201
2120
1998
1831
1724
1753
1907
2059
2128
2119
2114
2117
2077
1990
1913
1934
2076
2226
2290
2272
2207
2133
2001
1844
1725
1743
1898
2049
2117
2121
2125
2116
2082
2001
1912
1933
2066
2210
2286
2277
2220
2147
2022
1859
1745
1751
1891
2038
2110
2121
2117
2115
2088
2002
1919
1937
2059
2210
2289
2272
2229
2154
2029
1861
1737
1744
1879
2019
2096
2106
2114
2118
2090
2000
1908
1924
2049
2190
2272
2266
2222
2147
2035
1858
1734
1734
1853
1997
2065
2086
2090
2101
2079
1996
1908
1918
2032
2171
2257
2255
2220
2154
2038
1877
1737
1733
1849
1978
2058
2085
2091
2106
2089
2010
1914
1915
2021
2171
2260
2257
2234
2168
2057
1889
1752
1733
1850
1983
2056
2080
2092
2103
2092
2007
1916
1917
2019
2163
2245
2259
2239
2181
2068
1903
1759
1740
1851
1971
2043
2070
2084
2115
2102
2016
1922
1912
2013
2163
2247
2269
2247
2193
2085
1906
1770
1745
1841
1964
2038
2064
2086
2114
2100
2024
1936
1921
2021
2154
2240
2260
